0	52
0	179
0	40
0	23
0	148
0	365
0	383
0	207
0	298
0	443
1	121
1	23
1	42
1	60
1	117
1	140
1	234
1	305
1	0
1	52
2	424
2	196
2	436
2	38
2	349
2	404
2	52
2	216
2	13
2	26
3	442
3	12
3	22
3	368
3	204
3	91
3	387
3	170
3	233
3	427
4	13
4	93
4	38
4	159
4	227
4	396
4	359
4	265
4	188
4	233
5	4
5	7
5	33
5	38
5	41
5	49
5	69
5	78
5	90
5	110
6	254
6	38
6	41
6	349
6	347
6	83
6	7
6	359
6	404
6	205
7	227
7	408
7	204
7	254
7	281
7	301
7	78
7	211
7	337
7	352
8	224
8	29
8	12
8	168
8	415
8	383
8	389
8	189
8	358
8	158
9	112
9	62
9	224
9	220
9	324
9	78
9	136
9	181
9	192
9	211
10	94
10	170
10	183
10	215
10	220
10	255
10	257
10	333
10	389
10	403
11	389
11	79
11	30
11	442
11	59
11	45
11	16
11	223
11	170
11	29
12	159
12	262
12	93
12	383
12	29
12	228
12	233
12	236
12	428
12	282
13	233
13	93
13	26
13	159
13	228
13	162
13	299
13	156
13	428
13	282
14	284
14	285
14	67
14	24
14	442
14	112
14	369
14	94
14	415
14	20
15	30
15	257
15	71
15	415
15	218
15	427
15	217
15	81
15	170
15	330
16	90
16	307
16	359
16	33
16	49
16	337
16	409
16	211
16	136
16	215
17	13
17	265
17	432
17	357
17	4
17	244
17	302
17	335
17	380
17	28
18	141
18	130
18	190
18	297
18	439
18	45
18	71
18	161
18	305
18	259
19	214
19	211
19	78
19	338
19	359
19	415
19	165
19	33
19	118
19	229
20	105
20	338
20	158
20	195
20	437
20	369
20	224
20	364
20	62
20	297
21	33
21	220
21	401
21	260
21	49
21	105
21	27
21	377
21	442
21	399
22	54
22	12
22	3
22	169
22	93
22	259
22	383
22	148
22	117
22	92
23	0
23	179
23	52
23	158
23	148
23	221
23	293
23	399
23	297
23	305
24	285
24	284
24	14
24	67
24	42
24	327
24	305
24	117
24	44
24	226
25	15
25	30
25	407
25	70
25	71
25	81
25	94
25	104
25	170
25	217
26	162
26	299
26	13
26	188
26	233
26	285
26	92
26	430
26	159
26	428
27	224
27	297
27	131
27	154
27	401
27	33
27	307
27	79
27	409
27	226
28	380
28	79
28	435
28	224
28	94
28	220
28	442
28	62
28	71
28	367
29	303
29	162
29	358
29	430
29	156
29	233
29	236
29	428
29	282
29	383
30	15
30	71
30	442
30	81
30	217
30	330
30	173
30	94
30	220
30	259
31	112
31	9
31	33
31	49
31	69
31	78
31	90
31	146
31	211
31	235
32	195
32	401
32	435
32	310
32	325
32	20
32	194
32	338
32	41
32	28
33	211
33	90
33	408
33	49
33	337
33	359
33	260
33	365
33	409
33	307
34	259
34	298
34	41
34	52
34	127
34	330
34	93
34	111
34	241
34	310
35	45
35	130
35	190
35	252
35	314
35	388
35	443
35	219
35	141
35	161
36	377
36	442
36	359
36	136
36	215
36	293
36	364
36	427
36	437
36	27
37	426
37	195
37	373
37	54
37	83
37	85
37	197
37	226
37	307
37	325
38	254
38	41
38	307
38	115
38	6
38	83
38	2
38	4
38	291
38	204
39	312
39	132
39	227
39	337
39	368
39	41
39	291
39	364
39	78
39	211
40	0
40	179
40	249
40	52
40	148
40	234
40	267
40	224
40	189
40	27
41	254
41	38
41	205
41	226
41	307
41	83
41	359
41	224
41	6
41	409
42	327
42	121
42	226
42	24
42	320
42	103
42	154
42	221
42	229
42	250
43	183
43	215
43	57
43	339
43	399
43	9
43	14
43	20
43	21
43	27
44	112
44	284
44	99
44	24
44	14
44	67
44	117
44	234
44	380
44	384
45	190
45	443
45	130
45	252
45	389
45	141
45	298
45	161
45	131
45	154
46	244
46	367
46	391
46	62
46	195
46	32
46	20
46	120
46	66
46	325
47	298
47	293
47	417
47	399
47	83
47	116
47	419
47	21
47	280
47	62
48	94
48	158
48	220
48	221
48	257
48	403
48	415
48	442
48	71
48	79
49	90
49	359
49	33
49	211
49	260
49	337
49	408
49	307
49	83
49	16
50	427
50	224
50	162
50	377
50	197
50	91
50	136
50	168
50	213
50	159
51	48
51	94
51	158
51	220
51	221
51	257
51	403
51	415
51	442
51	71
52	179
52	0
52	130
52	249
52	23
52	234
52	148
52	259
52	2
52	172
53	79
53	339
53	27
53	28
53	32
53	46
53	68
53	94
53	120
53	131
54	373
54	83
54	22
54	148
54	233
54	307
54	383
54	335
54	29
54	41
55	368
55	29
55	430
55	233
55	352
55	84
55	383
55	33
55	358
55	3
56	260
56	136
56	214
56	135
56	359
56	49
56	57
56	90
56	21
56	154
57	337
57	359
57	260
57	211
57	90
57	257
57	158
57	56
57	33
57	49
58	113
58	165
58	333
58	293
58	281
58	310
58	443
58	402
58	183
58	296
59	167
59	78
59	205
59	240
59	16
59	129
59	30
59	350
59	402
59	307
60	194
60	147
60	163
60	344
60	32
60	121
60	202
60	221
60	250
60	311
61	121
61	244
61	0
61	52
61	77
61	100
61	172
61	177
61	179
61	186
62	224
62	192
62	154
62	9
62	367
62	136
62	27
62	297
62	20
62	437
63	182
63	305
63	297
63	404
63	367
63	2
63	188
63	228
63	396
63	6
64	272
64	409
64	28
64	307
64	95
64	435
64	436
64	325
64	254
64	367
65	262
65	20
65	26
65	144
65	391
65	441
65	6
65	307
65	396
65	207
66	111
66	154
66	224
66	349
66	391
66	354
66	254
66	91
66	367
66	292
67	284
67	14
67	24
67	285
67	44
67	112
67	121
67	316
67	288
67	396
68	14
68	94
68	220
68	257
68	295
68	403
68	415
68	442
68	48
68	53
69	78
69	240
69	59
69	112
69	167
69	205
69	4
69	5
69	7
69	9
70	15
70	25
70	30
70	407
70	59
70	71
70	81
70	114
70	167
70	173
71	81
71	94
71	30
71	442
71	15
71	257
71	220
71	415
71	211
71	338
72	394
72	339
72	386
72	9
72	20
72	21
72	27
72	33
72	36
72	49
73	66
73	354
73	2
73	27
73	38
73	41
73	91
73	107
73	110
73	111
74	189
74	14
74	68
74	295
74	48
74	75
74	89
74	138
74	270
74	363
75	412
75	396
75	228
75	352
75	92
75	13
75	159
75	211
75	337
75	54
76	46
76	82
76	213
76	244
76	288
76	311
76	319
76	367
76	397
76	23
77	249
77	179
77	364
77	105
77	183
77	52
77	89
77	148
77	94
77	0
78	240
78	338
78	211
78	204
78	33
78	112
78	214
78	167
78	312
78	398
79	330
79	27
79	94
79	297
79	131
79	83
79	220
79	28
79	224
79	259
80	280
80	20
80	9
80	349
80	323
80	297
80	78
80	211
80	215
80	338
81	71
81	94
81	220
81	30
81	364
81	403
81	15
81	257
81	415
81	442
82	219
82	34
82	35
82	45
82	71
82	79
82	81
82	130
82	138
82	141
83	307
83	409
83	226
83	330
83	90
83	33
83	408
83	297
83	41
83	38
84	105
84	430
84	352
84	93
84	383
84	12
84	156
84	126
84	282
84	285
85	20
85	27
85	105
85	131
85	134
85	154
85	195
85	224
85	297
85	338
86	411
86	367
86	62
86	64
86	79
86	114
86	152
86	176
86	344
86	362
87	292
87	20
87	105
87	126
87	183
87	215
87	338
87	384
87	410
87	425
88	298
88	41
88	404
88	368
88	401
88	204
88	94
88	7
88	106
88	307
89	123
89	13
89	158
89	93
89	162
89	383
89	299
89	359
89	156
89	159
90	359
90	33
90	49
90	211
90	408
90	337
90	260
90	16
90	409
90	83
91	170
91	196
91	144
91	224
91	424
91	92
91	254
91	297
91	154
91	159
92	156
92	162
92	93
92	282
92	299
92	430
92	358
92	26
92	233
92	236
93	13
93	159
93	228
93	162
93	382
93	12
93	285
93	92
93	358
93	233
94	220
94	442
94	415
94	403
94	257
94	183
94	71
94	81
94	79
94	33
95	271
95	325
95	217
95	33
95	64
95	38
95	307
95	291
95	254
95	409
96	154
96	120
96	361
96	179
96	195
96	429
96	239
96	335
96	369
96	190
97	300
97	242
97	136
97	254
97	307
97	62
97	38
97	324
97	192
97	124
98	408
98	33
98	211
98	441
98	373
98	90
98	359
98	260
98	49
98	83
99	112
99	44
99	207
99	28
99	118
99	115
99	38
99	211
99	337
99	235
100	0
100	52
100	177
100	179
100	186
100	23
100	40
100	148
100	180
100	234
101	172
101	269
101	89
101	52
101	305
101	338
101	54
101	93
101	337
101	12
102	398
102	136
102	312
102	214
102	171
102	317
102	342
102	12
102	324
102	20
103	182
103	119
103	349
103	406
103	7
103	285
103	341
103	161
103	144
103	408
104	7
104	15
104	25
104	30
104	94
104	150
104	170
104	217
104	220
104	227
105	20
105	338
105	84
105	369
105	183
105	21
105	49
105	195
105	224
105	377
106	364
106	21
106	401
106	94
106	338
106	27
106	442
106	352
106	249
106	297
107	34
107	2
107	27
107	38
107	41
107	73
107	91
107	110
107	111
107	113
108	52
108	179
108	169
108	261
108	148
108	130
108	259
108	442
108	22
108	335
109	268
109	34
109	62
109	199
109	234
109	292
109	305
109	306
109	335
109	0
110	38
110	41
110	254
110	372
110	6
110	83
110	205
110	226
110	307
110	409
111	259
111	241
111	254
111	224
111	349
111	41
111	91
111	310
111	127
111	347
112	9
112	33
112	78
112	211
112	240
112	408
112	307
112	260
112	90
112	359
113	165
113	58
113	310
113	41
113	217
113	205
113	127
113	224
113	349
113	2
114	192
114	217
114	259
114	330
114	367
114	59
114	62
114	70
114	79
114	167
115	38
115	335
115	172
115	435
115	175
115	399
115	52
115	400
115	83
115	245
116	164
116	224
116	154
116	331
116	62
116	28
116	207
116	21
116	297
116	409
117	214
117	22
117	196
117	233
117	265
117	217
117	92
117	26
117	159
117	216
118	4
118	191
118	249
118	269
118	20
118	136
118	211
118	235
118	337
118	338
119	354
119	301
119	103
119	84
119	182
119	439
119	181
119	441
119	7
119	254
120	154
120	310
120	195
120	36
120	293
120	179
120	400
120	224
120	257
120	377
121	179
121	213
121	148
121	327
121	52
121	207
121	320
121	42
121	2
121	220
122	0
122	52
122	100
122	121
122	177
122	179
122	186
122	207
122	433
122	23
123	89
123	368
123	400
123	13
123	159
123	233
123	382
123	91
123	303
123	196
124	242
124	402
124	359
124	312
124	412
124	4
124	90
124	129
124	300
124	368
125	344
125	369
125	14
125	20
125	36
125	94
125	105
125	126
125	183
125	194
126	338
126	188
126	228
126	352
126	149
126	430
126	84
126	20
126	156
126	233
127	241
127	349
127	439
127	424
127	310
127	41
127	154
127	330
127	347
127	259
128	235
128	327
128	59
128	367
128	196
128	234
128	250
128	436
128	182
128	94
129	312
129	398
129	124
129	352
129	4
129	90
129	204
129	214
129	59
129	7
130	190
130	443
130	45
130	252
130	52
130	179
130	141
130	172
130	259
130	161
131	297
131	27
131	224
131	154
131	79
131	408
131	373
131	226
131	307
131	83
132	337
132	281
132	359
132	39
132	4
132	368
132	204
132	254
132	172
132	38
133	2
133	27
133	38
133	41
133	73
133	91
133	107
133	110
133	111
133	113
134	27
134	131
134	154
134	224
134	297
134	62
134	79
134	83
134	85
134	199
135	260
135	345
135	56
135	242
135	124
135	254
135	41
135	148
135	167
135	15
136	182
136	191
136	324
136	189
136	168
136	56
136	378
136	62
136	36
136	437
137	423
137	315
137	226
137	305
137	144
137	297
137	151
137	182
137	228
137	6
138	123
138	3
138	330
138	365
138	22
138	127
138	81
138	52
138	158
138	257
139	412
139	83
139	226
139	307
139	409
139	27
139	33
139	38
139	41
139	49
140	42
140	327
140	53
140	120
140	121
140	194
140	221
140	244
140	250
140	267
141	18
141	130
141	45
141	190
141	228
141	252
141	7
141	71
141	161
141	442
142	258
142	323
142	211
142	220
142	442
142	338
142	437
142	71
142	377
142	297
143	211
143	338
143	173
143	400
143	398
143	307
143	38
143	49
143	412
143	214
144	228
144	236
144	262
144	159
144	188
144	93
144	382
144	12
144	285
144	29
145	204
145	297
145	364
145	397
145	312
145	78
145	338
145	307
145	173
145	169
146	4
146	5
146	7
146	31
146	33
146	38
146	41
146	49
146	69
146	78
147	433
147	54
147	60
147	85
147	89
147	101
147	163
147	196
147	234
147	237
148	249
148	307
148	52
148	0
148	179
148	54
148	161
148	335
148	121
148	40
149	430
149	26
149	144
149	188
149	228
149	382
149	285
149	358
149	156
149	233
150	7
150	21
150	104
150	181
150	227
150	263
150	301
150	350
150	142
150	2
151	279
151	293
151	226
151	442
151	291
151	36
151	215
151	315
151	2
151	307
152	64
152	367
152	53
152	59
152	62
152	79
152	83
152	112
152	114
152	167
153	330
153	359
153	41
153	280
153	347
153	2
153	27
153	259
153	298
153	254
154	224
154	297
154	27
154	131
154	120
154	96
154	62
154	179
154	195
154	401
155	156
155	399
155	153
155	92
155	387
155	105
155	154
155	188
155	411
155	84
156	92
156	303
156	430
156	29
156	358
156	233
156	428
156	162
156	383
156	13
157	40
157	83
157	148
157	161
157	180
157	226
157	307
157	335
157	392
157	409
158	89
158	20
158	159
158	437
158	93
158	359
158	262
158	179
158	224
158	415
159	162
159	262
159	93
159	282
159	12
159	13
159	228
159	233
159	315
159	299
160	94
160	220
160	257
160	403
160	415
160	435
160	442
160	48
160	71
160	79
161	148
161	190
161	226
161	307
161	83
161	45
161	335
161	6
161	179
161	406
162	159
162	358
162	29
162	92
162	26
162	233
162	428
162	93
162	282
162	315
163	52
163	158
163	229
163	215
163	2
163	435
163	89
163	401
163	171
163	153
164	116
164	331
164	29
164	242
164	207
164	198
164	21
164	303
164	342
164	412
165	113
165	58
165	310
165	41
165	217
165	127
165	34
165	2
165	259
165	205
166	288
166	305
166	26
166	307
166	162
166	119
166	406
166	279
166	211
166	429
167	59
167	240
167	78
167	333
167	135
167	352
167	56
167	217
167	260
167	181
168	136
168	189
168	191
168	391
168	378
168	20
168	62
168	159
168	437
168	300
169	249
169	364
169	257
169	337
169	22
169	359
169	148
169	179
169	312
169	335
170	91
170	333
170	220
170	94
170	442
170	15
170	257
170	144
170	419
170	79
171	297
171	342
171	38
171	102
171	330
171	424
171	2
171	27
171	430
171	214
172	269
172	337
172	52
172	179
172	364
172	297
172	132
172	224
172	101
172	130
173	271
173	30
173	204
173	78
173	338
173	9
173	94
173	126
173	259
173	442
174	216
174	2
174	27
174	28
174	38
174	41
174	73
174	91
174	102
174	107
175	115
175	435
175	335
175	254
175	38
175	211
175	337
175	111
175	257
175	297
176	231
176	298
176	213
176	234
176	335
176	259
176	64
176	91
176	62
176	189
177	0
177	52
177	100
177	179
177	186
177	23
177	40
177	148
177	180
177	234
178	79
178	27
178	28
178	94
178	131
178	134
178	154
178	217
178	220
178	221
179	52
179	0
179	40
179	23
179	154
179	158
179	148
179	121
179	364
179	305
180	148
180	392
180	0
180	52
180	100
180	177
180	179
180	186
180	249
180	23
181	350
181	192
181	9
181	263
181	21
181	301
181	78
181	240
181	15
181	4
182	136
182	229
182	269
182	103
182	324
182	235
182	442
182	323
182	408
182	94
183	215
183	94
183	399
183	339
183	105
183	293
183	220
183	20
183	49
183	154
184	441
184	98
184	4
184	5
184	7
184	33
184	38
184	41
184	49
184	69
185	345
185	383
185	217
185	220
185	282
185	415
185	387
185	22
185	292
185	12
186	0
186	52
186	100
186	177
186	179
186	23
186	40
186	148
186	180
186	234
187	12
187	13
187	26
187	29
187	92
187	93
187	144
187	156
187	159
187	162
188	26
188	144
188	233
188	93
188	285
188	92
188	299
188	358
188	13
188	228
189	136
189	168
189	191
189	159
189	378
189	158
189	89
189	93
189	162
189	415
190	130
190	45
190	443
190	252
190	179
190	141
190	161
190	154
190	224
190	21
191	136
191	378
191	189
191	168
191	364
191	269
191	118
191	324
191	62
191	36
192	62
192	349
192	354
192	300
192	205
192	181
192	224
192	9
192	298
192	254
193	5
193	12
193	13
193	26
193	29
193	84
193	91
193	92
193	93
193	126
194	27
194	32
194	250
194	344
194	36
194	136
194	338
194	415
194	79
194	217
195	20
195	154
195	310
195	120
195	224
195	400
195	105
195	403
195	83
195	369
196	234
196	91
196	26
196	144
196	228
196	29
196	159
196	236
196	428
196	2
197	213
197	189
197	375
197	162
197	435
197	168
197	118
197	135
197	40
197	176
198	396
198	387
198	262
198	303
198	26
198	156
198	352
198	428
198	382
198	167
199	27
199	131
199	134
199	154
199	224
199	268
199	297
199	435
199	62
199	79
200	124
200	242
200	352
200	232
200	396
200	402
200	4
200	5
200	7
200	12
201	12
201	13
201	26
201	29
201	92
201	93
201	144
201	156
201	159
201	162
202	42
202	48
202	60
202	89
202	147
202	149
202	189
202	225
202	237
202	265
203	197
203	311
203	60
203	108
203	138
203	141
203	272
203	361
203	18
203	24
204	368
204	78
204	38
204	312
204	145
204	297
204	214
204	49
204	227
204	337
205	41
205	254
205	240
205	281
205	78
205	192
205	83
205	113
205	59
205	62
206	12
206	13
206	26
206	29
206	92
206	93
206	144
206	156
206	159
206	162
207	52
207	0
207	179
207	121
207	116
207	148
207	34
207	54
207	23
207	234
208	216
208	2
208	365
208	308
208	291
208	117
208	229
208	279
208	228
208	349
209	333
209	379
209	15
209	25
209	30
209	94
209	102
209	104
209	136
209	170
210	84
210	91
210	113
210	289
210	196
210	424
210	2
210	12
210	13
210	26
211	337
211	359
211	33
211	90
211	260
211	49
211	408
211	226
211	78
211	338
212	54
212	89
212	196
212	234
212	305
212	424
212	0
212	2
212	12
212	13
213	121
213	179
213	148
213	40
213	176
213	62
213	189
213	197
213	391
213	159
214	342
214	317
214	78
214	235
214	398
214	204
214	260
214	33
214	38
214	136
215	183
215	399
215	220
215	36
215	293
215	90
215	16
215	33
215	136
215	338
216	2
216	208
216	398
216	291
216	312
216	330
216	259
216	300
216	93
216	28
217	259
217	330
217	271
217	415
217	300
217	310
217	38
217	95
217	224
217	220
218	15
218	369
218	341
218	71
218	170
218	338
218	81
218	126
218	220
218	442
219	35
219	45
219	130
219	190
219	252
219	314
219	388
219	443
219	82
219	34
220	94
220	442
220	415
220	257
220	403
220	293
220	377
220	435
220	359
220	81
221	292
221	369
221	415
221	158
221	23
221	0
221	154
221	179
221	440
221	220
222	161
222	397
222	442
222	103
222	121
222	369
222	6
222	250
222	404
222	301
223	90
223	249
223	83
223	211
223	235
223	36
223	16
223	94
223	395
223	442
224	154
224	27
224	297
224	131
224	62
224	307
224	377
224	435
224	409
224	401
225	202
225	89
225	147
225	237
225	265
225	416
225	9
225	12
225	13
225	20
226	307
226	409
226	83
226	315
226	211
226	41
226	359
226	337
226	27
226	33
227	7
227	4
227	90
227	204
227	214
227	41
227	233
227	38
227	78
227	211
228	144
228	93
228	299
228	13
228	159
228	315
228	382
228	12
228	29
228	428
229	182
229	408
229	131
229	136
229	33
229	215
229	338
229	27
229	163
229	339
230	442
230	359
230	436
230	151
230	319
230	323
230	367
230	357
230	89
230	226
231	176
231	13
231	352
231	91
231	204
231	214
231	281
231	350
231	298
231	78
232	352
232	396
232	93
232	350
232	84
232	26
232	33
232	38
232	227
232	92
233	13
233	162
233	29
233	430
233	26
233	156
233	159
233	93
233	282
233	315
234	305
234	196
234	52
234	179
234	91
234	0
234	26
234	144
234	228
234	40
235	90
235	214
235	307
235	33
235	136
235	182
235	211
235	337
235	408
235	16
236	144
236	29
236	262
236	12
236	92
236	358
236	162
236	282
236	382
236	285
237	12
237	13
237	26
237	29
237	92
237	93
237	144
237	156
237	159
237	162
238	9
238	20
238	21
238	27
238	33
238	36
238	49
238	90
238	94
238	105
239	96
239	80
239	349
239	260
239	440
239	42
239	118
239	135
239	20
239	127
240	78
240	167
240	205
240	112
240	41
240	33
240	9
240	90
240	59
240	204
241	127
241	349
241	439
241	298
241	424
241	41
241	111
241	224
241	27
241	300
242	124
242	402
242	300
242	398
242	342
242	260
242	33
242	49
242	78
242	135
243	401
243	9
243	20
243	21
243	27
243	33
243	36
243	49
243	90
243	94
244	337
244	132
244	269
244	172
244	46
244	2
244	403
244	261
244	169
244	276
245	115
245	163
245	436
245	194
245	335
245	169
245	52
245	171
245	400
245	165
246	327
246	42
246	163
246	121
246	221
246	250
246	268
246	311
246	433
246	435
247	12
247	13
247	26
247	29
247	92
247	93
247	144
247	156
247	159
247	162
248	33
248	49
248	90
248	211
248	260
248	337
248	351
248	359
248	393
248	408
249	148
249	169
249	52
249	260
249	33
249	364
249	40
249	77
249	54
249	158
250	436
250	325
250	194
250	307
250	41
250	359
250	20
250	224
250	330
250	226
251	436
251	108
251	163
251	169
251	335
251	52
251	337
251	121
251	230
251	280
252	443
252	45
252	190
252	130
252	256
252	221
252	260
252	141
252	161
252	111
253	229
253	83
253	305
253	27
253	272
253	18
253	144
253	261
253	342
253	271
254	38
254	41
254	205
254	307
254	6
254	409
254	359
254	159
254	437
254	224
255	94
255	183
255	215
255	220
255	257
255	333
255	403
255	415
255	442
255	48
256	252
256	443
256	120
256	130
256	45
256	158
256	36
256	179
256	127
256	190
257	415
257	403
257	220
257	442
257	94
257	15
257	71
257	337
257	57
257	158
258	142
258	441
258	211
258	214
258	168
258	391
258	2
258	93
258	220
258	300
259	330
259	217
259	349
259	52
259	111
259	79
259	2
259	442
259	415
259	271
260	211
260	359
260	33
260	49
260	337
260	90
260	408
260	56
260	57
260	249
261	338
261	0
261	179
261	27
261	95
261	23
261	52
261	121
261	293
261	364
262	159
262	12
262	144
262	236
262	93
262	282
262	92
262	162
262	382
262	285
263	312
263	364
263	181
263	21
263	36
263	136
263	211
263	233
263	296
263	391
264	33
264	49
264	90
264	211
264	248
264	260
264	337
264	351
264	359
264	393
265	13
265	315
265	26
265	188
265	233
265	93
265	12
265	299
265	159
265	262
266	129
266	39
266	312
266	228
266	7
266	149
266	325
266	402
266	227
266	408
267	40
267	0
267	148
267	135
267	194
267	249
267	22
267	108
267	221
267	217
268	199
268	27
268	107
268	131
268	134
268	154
268	224
268	297
268	435
268	34
269	172
269	364
269	337
269	136
269	182
269	191
269	9
269	403
269	244
269	132
270	138
270	48
270	70
270	71
270	81
270	89
270	189
270	387
270	9
270	12
271	217
271	95
271	330
271	173
271	259
271	369
271	170
271	27
271	32
271	298
272	64
272	269
272	364
272	118
272	376
272	254
272	112
272	307
272	404
272	211
273	33
273	36
273	49
273	90
273	211
273	248
273	260
273	337
273	351
273	359
274	229
274	80
274	136
274	182
274	191
274	280
274	56
274	163
274	199
274	269
275	93
275	182
275	429
275	305
275	320
275	34
275	42
275	229
275	94
275	382
276	257
276	191
276	337
276	415
276	403
276	443
276	32
276	377
276	57
276	335
277	96
277	195
277	4
277	163
277	44
277	32
277	336
277	399
277	108
277	94
278	9
278	287
278	62
278	112
278	20
278	21
278	27
278	31
278	33
278	36
279	307
279	347
279	377
279	401
279	291
279	151
279	427
279	298
279	226
279	36
280	153
280	371
280	359
280	224
280	427
280	15
280	80
280	93
280	254
280	62
281	402
281	337
281	132
281	368
281	254
281	205
281	7
281	41
281	260
281	211
282	159
282	162
282	29
282	92
282	233
282	262
282	93
282	383
282	12
282	358
283	64
283	71
283	79
283	81
283	83
283	226
283	307
283	325
283	409
283	15
284	285
284	14
284	382
284	24
284	67
284	26
284	188
284	396
284	315
284	12
285	315
285	93
285	382
285	26
285	233
285	12
285	29
285	13
285	144
285	159
286	4
286	5
286	7
286	33
286	38
286	41
286	49
286	69
286	78
286	90
287	9
287	278
287	62
287	112
287	20
287	21
287	27
287	31
287	33
287	36
288	166
288	307
288	64
288	195
288	211
288	325
288	380
288	32
288	119
288	335
289	2
289	27
289	38
289	41
289	73
289	91
289	107
289	110
289	111
289	113
290	60
290	128
290	194
290	250
290	327
290	436
290	22
290	42
290	54
290	140
291	38
291	27
291	41
291	279
291	401
291	330
291	307
291	2
291	259
291	300
292	221
292	358
292	89
292	260
292	57
292	415
292	21
292	158
292	154
292	236
293	220
293	377
293	36
293	183
293	215
293	224
293	151
293	120
293	254
293	297
294	250
294	327
294	42
294	325
294	348
294	95
294	115
294	121
294	194
294	221
295	14
295	68
295	94
295	220
295	257
295	403
295	415
295	442
295	48
295	53
296	427
296	36
296	377
296	214
296	136
296	215
296	300
296	12
296	263
296	40
297	131
297	27
297	154
297	224
297	338
297	79
297	83
297	364
297	307
297	62
298	241
298	88
298	34
298	52
298	153
298	217
298	279
298	0
298	154
298	192
299	26
299	228
299	162
299	92
299	13
299	159
299	233
299	93
299	315
299	156
300	97
300	217
300	192
300	242
300	349
300	2
300	124
300	62
300	254
300	241
301	341
301	119
301	349
301	7
301	181
301	192
301	354
301	404
301	9
301	262
302	432
302	13
302	52
302	38
302	130
302	217
302	400
302	17
302	327
302	412
303	29
303	430
303	156
303	428
303	162
303	382
303	383
303	92
303	358
303	13
304	436
304	272
304	417
304	198
304	262
304	121
304	305
304	251
304	6
304	269
305	234
305	179
305	52
305	285
305	13
305	172
305	54
305	335
305	89
305	0
306	172
306	34
306	109
306	234
306	305
306	335
306	0
306	27
306	52
306	82
307	226
307	409
307	83
307	279
307	224
307	16
307	401
307	33
307	38
307	211
308	411
308	409
308	33
308	307
308	325
308	83
308	365
308	28
308	71
308	235
309	204
309	368
309	4
309	5
309	7
309	33
309	38
309	41
309	49
309	69
310	113
310	120
310	127
310	195
310	224
310	41
310	217
310	154
310	347
310	345
311	0
311	32
311	52
311	82
311	100
311	121
311	177
311	179
311	186
311	213
312	398
312	129
312	364
312	263
312	204
312	78
312	211
312	352
312	39
312	124
313	32
313	325
313	95
313	195
313	250
313	397
313	435
313	53
313	64
313	79
314	35
314	45
314	130
314	190
314	252
314	388
314	443
314	219
314	141
314	161
315	285
315	162
315	159
315	228
315	233
315	93
315	299
315	13
315	282
315	382
316	163
316	436
316	359
316	401
316	336
316	121
316	2
316	153
316	71
316	108
317	342
317	214
317	33
317	352
317	102
317	227
317	240
317	408
317	90
317	330
318	23
318	42
318	148
318	161
318	180
318	392
318	413
318	0
318	2
318	4
319	444
319	230
319	179
319	148
319	307
319	27
319	16
319	77
319	24
319	62
320	327
320	121
320	349
320	158
320	221
320	341
320	42
320	154
320	179
320	7
321	83
321	226
321	264
321	307
321	409
321	27
321	33
321	38
321	41
321	49
322	357
322	17
322	265
322	4
322	368
322	13
322	235
322	123
322	400
322	132
323	142
323	158
323	297
323	359
323	20
323	36
323	211
323	403
323	442
323	257
324	136
324	182
324	9
324	307
324	33
324	211
324	235
324	437
324	409
324	90
325	95
325	338
325	307
325	250
325	49
325	308
325	412
325	78
325	83
325	440
326	281
326	422
326	402
326	4
326	5
326	7
326	33
326	38
326	41
326	49
327	42
327	121
327	320
327	226
327	436
327	221
327	229
327	259
327	442
327	307
328	373
328	436
328	22
328	42
328	53
328	54
328	64
328	79
328	83
328	155
329	405
329	52
329	361
329	359
329	22
329	108
329	130
329	280
329	291
329	251
330	259
330	217
330	83
330	79
330	153
330	94
330	347
330	271
330	41
330	291
331	116
331	164
331	29
331	91
331	303
331	430
331	84
331	21
331	301
331	26
332	244
332	195
332	228
332	293
332	93
332	402
332	101
332	189
332	419
332	158
333	170
333	167
333	220
333	257
333	183
333	403
333	15
333	21
333	91
333	254
334	27
334	120
334	131
334	134
334	136
334	154
334	171
334	182
334	195
334	224
335	307
335	359
335	148
335	373
335	54
335	89
335	41
335	52
335	400
335	254
336	28
336	359
336	400
336	120
336	163
336	335
336	310
336	56
336	281
336	250
337	211
337	359
337	33
337	90
337	260
337	49
337	132
337	408
337	57
337	409
338	20
338	105
338	78
338	211
338	297
338	33
338	126
338	325
338	364
338	369
339	183
339	399
339	408
339	215
339	284
339	94
339	229
339	369
339	33
339	49
340	195
340	359
340	83
340	32
340	123
340	153
340	400
340	89
340	20
340	382
341	301
341	369
341	94
341	442
341	7
341	158
341	15
341	236
341	387
341	170
342	214
342	317
342	303
342	90
342	49
342	242
342	441
342	368
342	398
342	204
343	68
343	115
343	373
343	436
343	22
343	53
343	54
343	64
343	79
343	83
344	373
344	79
344	105
344	194
344	338
344	27
344	94
344	259
344	271
344	325
345	135
345	310
345	12
345	427
345	56
345	415
345	136
345	440
345	185
345	257
346	268
346	373
346	436
346	54
346	56
346	83
346	109
346	138
346	163
346	199
347	279
347	27
347	330
347	41
347	153
347	310
347	127
347	349
347	6
347	259
348	83
348	85
348	98
348	226
348	307
348	325
348	409
348	20
348	27
348	33
349	127
349	241
349	439
349	424
349	2
349	259
349	154
349	192
349	300
349	254
350	41
350	33
350	181
350	83
350	90
350	204
350	254
350	21
350	359
350	240
351	33
351	49
351	90
351	211
351	248
351	260
351	337
351	359
351	393
351	408
352	430
352	396
352	398
352	211
352	312
352	84
352	232
352	126
352	368
352	29
353	95
353	64
353	143
353	94
353	234
353	198
353	324
353	9
353	272
353	26
354	192
354	119
354	153
354	301
354	367
354	66
354	2
354	298
354	254
354	297
355	7
355	33
355	49
355	90
355	183
355	211
355	215
355	227
355	248
355	260
356	20
356	36
356	105
356	126
356	168
356	296
356	338
356	377
356	385
356	391
357	323
357	442
357	265
357	437
357	94
357	220
357	259
357	13
357	415
357	307
358	162
358	29
358	156
358	93
358	382
358	92
358	236
358	282
358	383
358	12
359	211
359	337
359	90
359	49
359	408
359	260
359	33
359	368
359	226
359	89
360	141
360	144
360	405
360	45
360	151
360	228
360	406
360	340
360	66
360	121
361	96
361	179
361	257
361	108
361	197
361	22
361	415
361	148
361	120
361	239
362	127
362	217
362	241
362	259
362	330
362	349
362	439
362	64
362	79
362	114
363	22
363	189
363	196
363	387
363	2
363	12
363	13
363	26
363	29
363	91
364	312
364	269
364	399
364	297
364	20
364	36
364	49
364	179
364	211
364	338
365	33
365	27
365	401
365	0
365	307
365	2
365	21
365	409
365	52
365	158
366	22
366	198
366	387
366	396
366	4
366	12
366	13
366	26
366	29
366	92
367	62
367	224
367	403
367	442
367	79
367	397
367	297
367	28
367	195
367	192
368	204
368	359
368	123
368	211
368	400
368	89
368	281
368	38
368	49
368	312
369	403
369	20
369	105
369	442
369	415
369	338
369	94
369	257
369	154
369	195
370	154
370	181
370	301
370	367
370	62
370	21
370	386
370	224
370	369
370	254
371	435
371	280
371	415
371	220
371	224
371	15
371	257
371	81
371	154
371	377
372	38
372	41
372	110
372	254
372	6
372	83
372	205
372	226
372	307
372	409
373	54
373	307
373	83
373	335
373	98
373	297
373	131
373	226
373	352
373	408
374	2
374	196
374	0
374	4
374	12
374	13
374	26
374	27
374	29
374	38
375	415
375	292
375	197
375	310
375	260
375	440
375	250
375	403
375	282
375	345
376	382
376	352
376	93
376	396
376	430
376	144
376	159
376	228
376	89
376	387
377	36
377	162
377	437
377	435
377	224
377	220
377	293
377	415
377	90
377	159
378	191
378	136
378	168
378	189
378	62
378	40
378	124
378	300
378	135
378	298
379	94
379	136
379	182
379	220
379	257
379	403
379	415
379	442
379	48
379	56
380	28
380	64
380	308
380	411
380	435
380	323
380	2
380	436
380	62
380	71
381	79
381	379
381	27
381	28
381	94
381	111
381	121
381	131
381	134
381	136
382	93
382	285
382	358
382	228
382	12
382	92
382	303
382	144
382	156
382	159
383	12
383	29
383	156
383	233
383	93
383	162
383	282
383	92
383	303
383	358
384	442
384	215
384	359
384	126
384	30
384	195
384	211
384	228
384	151
384	227
385	39
385	440
385	4
385	5
385	7
385	20
385	33
385	38
385	41
385	49
386	310
386	403
386	415
386	257
386	339
386	395
386	21
386	158
386	369
386	260
387	92
387	93
387	382
387	430
387	358
387	236
387	262
387	282
387	383
387	29
388	35
388	45
388	130
388	190
388	252
388	314
388	443
388	219
388	141
388	161
389	45
389	215
389	359
389	399
389	224
389	183
389	142
389	131
389	354
389	20
390	364
390	269
390	399
390	0
390	9
390	20
390	21
390	27
390	33
390	36
391	168
391	20
391	262
391	228
391	66
391	369
391	113
391	263
391	62
391	154
392	148
392	180
392	0
392	52
392	100
392	177
392	179
392	186
392	249
392	23
393	33
393	49
393	90
393	211
393	248
393	260
393	337
393	351
393	359
393	408
394	72
394	2
394	4
394	5
394	7
394	9
394	12
394	13
394	15
394	20
395	90
395	33
395	359
395	215
395	49
395	211
395	408
395	27
395	36
395	78
396	404
396	144
396	188
396	285
396	26
396	159
396	228
396	236
396	352
396	428
397	435
397	367
397	298
397	28
397	257
397	190
397	335
397	154
397	179
397	364
398	312
398	129
398	211
398	352
398	214
398	78
398	102
398	242
398	260
398	124
399	183
399	215
399	364
399	339
399	21
399	94
399	23
399	79
399	83
399	105
400	123
400	368
400	297
400	89
400	195
400	359
400	335
400	310
400	224
400	120
401	307
401	27
401	404
401	224
401	33
401	154
401	365
401	297
401	279
401	21
402	281
402	242
402	124
402	227
402	352
402	254
402	359
402	33
402	215
402	59
403	257
403	415
403	220
403	442
403	94
403	369
403	337
403	367
403	154
403	71
404	396
404	401
404	2
404	224
404	259
404	291
404	131
404	439
404	6
404	301
405	377
405	367
405	62
405	162
405	279
405	259
405	170
405	220
405	435
405	192
406	161
406	103
406	305
406	297
406	182
406	439
406	131
406	6
406	166
406	423
407	15
407	25
407	30
407	70
407	71
407	81
407	94
407	104
407	170
407	217
408	90
408	33
408	359
408	211
408	49
408	260
408	337
408	98
408	83
408	112
409	226
409	307
409	83
409	90
409	33
409	224
409	337
409	308
409	27
409	254
410	20
410	105
410	338
410	425
410	85
410	369
410	9
410	21
410	27
410	33
411	308
411	409
411	380
411	349
411	33
411	365
411	71
411	28
411	424
411	232
412	75
412	254
412	226
412	211
412	224
412	337
412	307
412	124
412	409
412	41
413	38
413	41
413	110
413	171
413	214
413	254
413	317
413	342
413	372
413	6
414	344
414	221
414	22
414	48
414	54
414	60
414	79
414	85
414	89
414	101
415	257
415	220
415	403
415	442
415	94
415	217
415	15
415	377
415	369
415	158
416	62
416	9
416	27
416	131
416	134
416	136
416	154
416	171
416	182
416	183
417	179
417	23
417	224
417	52
417	207
417	377
417	0
417	435
417	148
417	158
418	96
418	406
418	118
418	272
418	335
418	250
418	373
418	378
418	384
418	436
419	162
419	159
419	93
419	29
419	92
419	315
419	377
419	233
419	428
419	382
420	138
420	344
420	24
420	28
420	123
420	202
420	213
420	221
420	311
420	22
421	367
421	59
421	62
421	64
421	79
421	83
421	108
421	112
421	114
421	152
422	281
422	326
422	402
422	4
422	5
422	7
422	33
422	38
422	41
422	49
423	137
423	226
423	297
423	315
423	224
423	182
423	27
423	442
423	144
423	6
424	2
424	349
424	127
424	436
424	91
424	241
424	233
424	93
424	259
424	171
425	20
425	105
425	338
425	410
425	85
425	369
425	9
425	21
425	27
425	33
426	20
426	31
426	33
426	37
426	49
426	90
426	105
426	126
426	146
426	168
427	159
427	92
427	12
427	36
427	296
427	162
427	377
427	91
427	279
427	15
428	303
428	162
428	29
428	156
428	12
428	92
428	13
428	26
428	159
428	228
429	305
429	54
429	179
429	40
429	154
429	335
429	93
429	403
429	148
429	254
430	303
430	156
430	29
430	233
430	92
430	26
430	162
430	358
430	13
430	236
431	384
431	183
431	350
431	15
431	27
431	442
431	54
431	108
431	223
431	271
432	13
432	265
432	323
432	302
432	38
432	4
432	89
432	17
432	357
432	233
433	163
433	0
433	2
433	27
433	52
433	100
433	121
433	131
433	134
433	136
434	102
434	136
434	171
434	182
434	214
434	310
434	317
434	342
434	345
434	56
435	377
435	224
435	220
435	437
435	162
435	28
435	371
435	79
435	307
435	415
436	2
436	424
436	250
436	28
436	335
436	38
436	136
436	64
436	327
436	307
437	159
437	377
437	158
437	20
437	224
437	435
437	254
437	36
437	136
437	162
438	12
438	13
438	26
438	29
438	92
438	93
438	144
438	156
438	159
438	162
439	349
439	241
439	127
439	297
439	373
439	408
439	131
439	404
439	330
439	347
440	260
440	369
440	415
440	325
440	111
440	221
440	124
440	259
440	15
440	345
441	26
441	211
441	90
441	98
441	214
441	342
441	78
441	398
441	204
441	33
442	94
442	220
442	415
442	257
442	403
442	71
442	36
442	369
442	30
442	367
443	252
443	130
443	45
443	190
443	415
443	0
443	224
443	113
443	256
443	310
444	79
444	36
444	16
444	220
444	170
444	215
444	307
444	27
444	319
444	59
